1.66179415852708
1.6536550210083
1.59804230554512
1.51748056706168
1.43039113442898
1.34380509808814
1.27066738180381
1.21168244450374
1.16708424033078
1.13461301947454
1.10703856759055
1.08374769686669
1.06304561220467
1.04663603482414
1.03537804390216
1.02782384909522
1.02896428973665
1.03065518259665
1.03412284682799
1.03613751005406
1.04034368027926
1.04153830671287
1.03910771823368
1.0380094786712
1.03536973793052
1.03350837319097
1.02823374102879
1.02882712498458
1.02820684319183
1.03409164421679
1.04132298941879
1.05049496750306
1.06238762728754
1.07749755649135
1.0922990104274
1.10846414350038
1.11970711789333
1.13394428788085
1.15074416195498
1.16551302942845
1.18001931375528
1.19566788167607
1.21620341723505
1.23196203137903
1.25129596218814
1.27405445165713
1.29208729232892
1.30945994974419
1.33108443472654
1.35339755788069
1.37376765839116
1.39820620643431
1.42215832182255
1.44970594497628
1.47888428933236
1.51027180112851
1.53831266535444
1.570042002334
1.60395271544078
1.63911522436324
1.67658215140894
1.76212341828753
1.79933036725791
1.83389692025642
1.86878337094085
1.90078192590678
1.92396422485339
1.93912852703801
1.93613165332723
1.92840492050532
1.91153869684973
1.88637180444531
1.85033814643288
1.81387247643185
1.77733974012988
1.75035808236639
1.72461998233507
1.70672717577052
1.69226471512453
1.72847960455795
1.71745497893402
1.70758205210485
1.6988702268427
1.69563999887854
1.69496930160937
1.69204091222991
1.69062785416514
1.6895623846008
1.68301127583938
1.68204303768937
1.72301391845809
1.72966975585229
1.72855076105744
1.71107627766672
1.68186534722123
1.65122032699398
1.62117285291166
1.59719098320296
1.57872448730276
1.56564637639883
1.55945844660896
1.55666161234444
1.55251448607327
1.54759432906849
1.55262140228599
1.55224334483209
1.55235843870529
1.55182036829118
1.54721519334695
1.53702956610502
1.54232205491552
1.5741390940581
1.60254963619708
1.61064540844604
1.59646336390819
1.56194021265892
1.50725716695719
1.45852848998074
1.42955637421295
1.40797636217534
1.38620480866303
1.35798200152306
1.33019600655044
1.29810272300027
1.27386365842167
1.26707262352813
1.27338496602615
1.2763141197772
1.27113222415942
1.25171562342619
1.21622664235117
1.17802871072233
1.15410979399351
1.13130210577393
1.11736097061706
1.1079684900715
1.08993510762669
1.04744724973567
1.01150908721959
0.974948747463328
0.90615090226569
0.815030475771163
0.775538250755709
0.797588992070548
0.881327832688774
0.945744502616255
0.985564594787875
1.03873234099073
1.08061191795906
1.0231541565311
0.930893370468553
0.864481016522279
0.818811361129323
0.772496528175959
0.718182463820668
0.701057535282211
0.736095087163223
0.753449689928715
0.719649253806281
0.69724260751462
0.674000384351336
0.661010140037751
0.651869068730717
0.658728990973342
0.671300269941072
0.692814179712179
0.710967393998876
0.717044977854361
0.737378774249903
0.73775292946446
0.716220172845092
0.704340278736822
0.705231028033553
0.705987398778392
0.713140422869293
0.725050684164517
0.740449964762435
0.751891834140246
0.763842230227513
0.778144183846256
0.790741271205247
0.797635563208588
0.800095583377004
0.796967005445298
0.792691907931452
0.781201427627119
0.764967271160935
0.744281383211047
0.72141182472922
0.702429276737134
0.687614188017276
0.679827623331168
0.6777593794103
0.681726175565462
0.685757127776448
0.692933152356733
0.705645756704421
0.723210528375178
0.743888697158032
0.768152848215553
0.791118322727375
0.811506805749555
0.827312158854389
0.839903810900359
0.850434690493965
0.861190581545023
0.874796218900041
0.890780073202496
0.908364589090225
0.930388183814133
0.954773821211216
0.979551186758651
1.00203731534355
1.02327462670198
1.04130214437425
1.05984022037561
1.07802358304377
1.09275470153505
1.09838271679697
1.09983285395067
1.09757615345291
1.09174359572088
1.08689538181345
1.08165288107708
1.07708234461928
1.0763753944079
1.07838576388302
1.08349746579998
