1
1
1
1
1
1
1
0.998
0.987
0.9527
0.8996
0.8193
0.7279
0.6566
0.5995
0.5561
0.5573
0.5628
0.5749
0.5868
0.5971
0.6017
0.5901
0.5809
0.5709
0.5619
0.5328
0.5455
0.5341
0.5487
0.5818
0.6066
0.652
0.7059
0.7372
0.7862
0.8166
0.8568
0.888
0.9115
0.932
0.9448
0.9639
0.9786
0.9845
0.9909
0.9957
0.9983
0.9985
0.9991
0.9997
0.9999
1
1
1
1
1
1
1
1
1
1
1
1
1
1
1
1
1
1
1
1
1
1
1
1
1
1
1
1
1
1
1
1
1
1
1
1
1
1
1
1
1
1
1
1
1
1
1
1
1
1
1
1
1
1
1
1
1
1
1
1
1
1
1
1
1
1
1
1
1
1
1
1
1
1
1
1
1
1
1
1
1
1
1
1
1
0.9998
0.8186
0.0209
0
0
0
0
0
0
0.1367
0.9977
1
0.9558
0
0
0
0
0
0
0
0
0
0
0
0
0
0
0
0
0
0
0
0
0
0
0
0
0
0
0
0
0
0
0
0
0
0
0
0
0
0
0
0
0
0
0
0
0
0
0
0
0
0
0
0
0
0
0
0
1e-04
3e-04
0.0035
0.0229
0.0984
0.2792
0.5179
0.7324
0.8631
0.9492
0.9823
0.9967
0.9962
0.9949
0.9944
0.9926
0.9875
0.9809
0.9708
0.9611
0.954
0.9496
