1
1
1
1
0.999999999999997
0.999995001750061
0.948888118707367
0.426492286874284
0.122341379795914
0.0395611169950935
0.0194190753906003
0.00905879326865472
0.00490501370309344
0.00310546605235329
0.00089858467022015
0.000577267920618355
0.000695731094645304
0.000927088400323396
0.00219963962600785
0.0061784325576706
0.0155872492393362
0.0243177449950219
0.0217350277807337
0.023500748385009
0.0269412923343661
0.0225495988342014
0.00851320358716045
0.00195591770629698
0.00060200699067034
0.0003700398117241
0.000253506285651875
0.000341089159936221
0.000860428273693613
0.00371858462018051
0.0157247316349037
0.0388698137923414
0.0611152800181388
0.0772664588761029
0.108099505752434
0.144368199658356
0.110467368023594
0.0775363435148768
0.0764254636567821
0.0787130922761334
0.0923002150810736
0.116317555717576
0.117408078480163
0.119093047311906
0.119686800519153
0.132246485849779
0.139829878274909
0.173004427253768
0.197015837290462
0.270251591276343
0.412010928890924
0.597567284575726
0.71755754748986
0.836235967983318
0.931888181804277
0.976903326770977
0.996214131399873
0.999845258714087
0.999997831265971
0.999999992414342
0.999999999998973
1
1
1
1
1
1
1
1
1
1
0.999999999999993
0.999999999999497
0.999999999989883
0.999999999973776
0.999999999950209
0.999999999922671
0.999999997540967
0.999999982657386
0.999999999645856
0.999999999994227
0.999999999999865
1
1
1
1
1
1
1
1
1
1
1
1
1
1
1
1
1
1
1
1
1
1
1
1
1
1
1
1
1
1
1
1
1
1
1
1
1
1
1
1
1
1
1
1
1
0.999999999999915
0.999999999999281
0.999999997964619
0.999999999830698
0.999999999985165
0.999999999989958
0.999477548305232
0.869907592278939
0.324392069692629
2.14153754552645e-08
3.08997186185357e-50
7.41840043370762e-75
3.19775002653138e-58
3.07023296154119e-12
0.00601889003100008
0.0768083441435287
0.998220677070818
1
0.996984331702741
2.55448985042223e-08
4.30770096927525e-25
4.61411056658476e-36
2.52795200544806e-54
2.10103768302434e-98
4.07911949271129e-106
1.62668263141939e-54
2.54195218473724e-34
2.8618429773074e-57
3.30187625166452e-61
1.80613392003303e-71
1.02511781272826e-72
2.49262092779756e-76
2.44171671388373e-66
8.75885912235124e-58
8.69303437370583e-44
1.91429154066556e-34
5.48326822202465e-37
3.16900315842525e-22
1.79047494957047e-19
2.75576978993162e-30
3.17288490639808e-34
9.75044996731683e-30
7.85370923340478e-30
1.69954376698325e-27
1.34689013321941e-24
5.5938842811379e-20
1.5307814015435e-18
9.09420693817624e-16
5.98816364377945e-12
4.78993438615915e-09
2.76092263883672e-09
2.24717568500449e-09
1.33824667142258e-10
9.02922186684912e-10
7.69753210970315e-11
4.62922683926819e-11
2.49073096959629e-11
2.66460374518257e-13
2.53249051030719e-14
1.26715866689815e-15
9.7366082907853e-16
8.64098070147294e-16
3.72673027619771e-14
5.06903186657517e-15
9.16558259074754e-16
2.98869084781505e-14
1.15309476817443e-11
2.12138180397714e-09
1.63695964924199e-06
0.000102226062755584
0.00147772535290428
0.00382976475504604
0.00297790197264756
0.00364737744821585
0.00814125602711619
0.00978577957695107
0.0217500529901943
0.0418580385040109
0.108823192833937
0.346500346455348
0.558875780562902
0.796117914756299
0.872079548979908
0.918326927350939
0.970729817776538
0.997491356642316
0.999625204415652
0.99948578617775
0.998676722720357
0.996413089733288
0.979462235779139
0.97338142661174
0.932655436840577
0.815167790193464
0.722206206296805
0.626134180922682
0.608803049462975
