3.67264712944627
3.67264712944627
3.19935793749961
2.52678016368927
1.91648033494707
1.45320006411961
1.14979112536196
0.980682520392666
0.899974309035091
0.853604120337762
0.829959107501554
0.805756231046422
0.787501755862032
0.774727675496461
0.739689947273834
0.726741930725259
0.728162897003982
0.730000665585192
0.748278148631867
0.774594549385562
0.802549557871936
0.816408922616981
0.808742067682124
0.810314057174124
0.815366556329412
0.807959278972421
0.770103352781041
0.719977088752447
0.68384529992527
0.668181320664098
0.651413782832447
0.651716505344063
0.670325632740909
0.711872618536847
0.763500140963068
0.801652333251718
0.822360481989525
0.833294145909778
0.853872429941192
0.874231919554459
0.852967256849298
0.827255774804865
0.825651260467774
0.826183242766198
0.835634233726997
0.851222640117756
0.850101192442312
0.849588999805102
0.848204033152638
0.854500387349091
0.856787884972522
0.873447360642258
0.882972334707055
0.914373994766331
0.968552640250468
1.03622185293606
1.08609585165626
1.14950569814366
1.23181806832259
1.31778636652594
1.43462935966613
1.5943348051976
1.76648095404835
1.95285256852411
2.17589943000475
2.41467807207621
2.60059059627027
2.68301052862214
2.66513317633102
2.61064818173592
2.50279060589608
2.34765921840428
2.14337613001429
1.94057232445756
1.75857321928699
1.64844779315048
1.57053860675554
1.51484941398608
1.48548529604893
1.46312830049374
1.44279751071333
1.39402482684119
1.36325064912121
1.39599866296515
1.42959968063517
1.45739974761682
1.50886551672357
1.56658837658127
1.55472190513124
1.55439484130309
1.5792124839056
1.63572278119058
1.6494833483594
1.60208522620424
1.53341048642585
1.47585964683576
1.43979299882996
1.43652080054537
1.42351524978267
1.40185357923169
1.3903203952299
1.39695637044708
1.39782202680655
1.37379905230773
1.40756503567707
1.4063723954512
1.41623350666582
1.44123348166899
1.43015512187255
1.38467454069117
1.37014618989572
1.43184096449903
1.47558999074642
1.48242085726342
1.47014669159759
1.44148701843718
1.38827826244024
1.34586177442369
1.33387519600809
1.31953359009217
1.30876425891778
1.28221543291207
1.26124466308306
1.22423431843813
1.19792125492197
1.177961202036
1.18140413665164
1.16800253456798
1.16186404698786
1.14863910456533
1.13773805982682
1.11206310719491
1.10586764945458
1.0858165667809
1.09108366705808
1.09592879837208
1.09583914375574
1.04346053460406
1.01145677436751
0.988514881442418
0.917283798858777
0.787466228270305
0.740135634052997
0.766350170092889
0.89314934438979
0.956626457376782
0.972790480108879
1.04152534901108
1.13084638914535
1.0387432786519
0.910771625846841
0.838418984196623
0.805424378430685
0.759585533547161
0.674255031461978
0.654863235120795
0.743301504318084
0.789890960908328
0.721057824364414
0.706211598367505
0.675604454355403
0.664965883930263
0.646879868233957
0.660106470529053
0.671074013501057
0.703331951705815
0.728600037404336
0.708692137306424
0.76999268718939
0.780039248542785
0.717172462977305
0.693619407546326
0.709078350116461
0.700597497671204
0.705486515144066
0.714016860071709
0.736839071671424
0.739737484203836
0.755187053221186
0.784568557065752
0.812452037726389
0.805425947419655
0.801655285050544
0.783314459517557
0.791042304179302
0.774182727879346
0.768385392766067
0.762123129982078
0.73529179347479
0.720691582924724
0.701770571680932
0.69539312063907
0.687522137025973
0.700724515889883
0.683068952570767
0.666701931525354
0.677109916229654
0.70340313065377
0.729159850580184
0.777894313507786
0.81609656625844
0.848430733404744
0.861164217125947
0.854812998840607
0.856709324500321
0.870130851887261
0.871855389289669
0.887462613805292
0.901560837726941
0.927521388824433
0.973653851958755
1.00422515607143
1.0433253604001
1.06159808071853
1.07697708112789
1.10653872225744
1.15999699431946
1.19263773915973
1.18637607167242
1.16796425409874
1.14698893707711
1.10930600368985
1.10117466814032
1.07632477645093
1.04355671852178
1.02679779013331
1.01273154889825
1.01213318917558
